47942
110442
172942
235442
297942
360442
422942
485442
547942
610442
672942
735442
797942
860442
922942
985442
1047942
1110442
1172942
1235442
1297942
1360442
1422942
1485442
1547942
1610442
1672942
1735442
1797942
1860442
1922942
1985442
2047942
2110442
2172942
2235442
2297942
2360442
2422942
2485442
2547942
2610442
2672942
2735442
2797942
2860442
2922942
2985442
3047942
3110442
3172942
3235442
3297942
3360442
3422942
3485442
3547942
3610442
3672942
3735442
3797942
3860442
3922942
3985442
4047942
4110442
4172942
4235442
4297942
4360442
4422942
4485442
4547942
4610442
4672942
4735442
4797942
4860442
4922942
4985442
5047942
5110442
5172942
5235442
5297942
5360442
5422942
5485442
5547942
5610442
5672942
5735442
5797942
5860442
5922942
5985442
6047942
6110442
6172942
6235442
6297942
6360442
6422942
6485442
6547942
6610442
6672942
6735442
6797942
6860442
6922942
6985442
7047942
7110442
7172942
7235442
7297942
7360442
7422942
7485442
7547942
7610442
7672942
7735442
7797942
7860442
7922942
7985442
8047942
8110442
8172942
8235442
8297942
8360442
8422942
8485442
8547942
8610442
8672942
8735442
8797942
8860442
8922942
8985442
9047942
9110442
9172942
9235442
9297942
9360442
9422942
9485442
9547942
9610442
9672942
9735442
9797942
9860442
9922942
9985442
10047942
10110442
10172942
10235442
10297942
10360442
10422942
10485442
10547942
10610442
10672942
10735442
10797942
10860442
10922942
10985442
11047942
11110442
11172942
11235442
11297942
11360442
11422942
11485442
11547942
11610442
11672942
11735442
11797942
11860442
11922942
11985442
12047942
12110442
12172942
12235442
12297942
12360442
12422942
12485442
12547942
12610442
12672942
12735442
12797942
12860442
12922942
12985442
13047942
13110442
13172942
13235442
13297942
13360442
13422942
13485442
13547942
13610442
13672942
13735442
13797942
13860442
13922942
13985442
14047942
14110442
14172942
14235442
14297942
14360442
14422942
14485442
14547942
14610442
14672942
14735442
14797942
14860442
14922942
14985442
15047942
15110442
15172942
15235442
15297942
15360442
15422942
15485442
15547942
15610442
15672942
15735442
15797942
15860442
15922942
15985442
16047942
16110442
16172942
16235442
16297942
16360442
16422942
16485442
16547942
16610442
16672942
16735442
16797942
16860442
16922942
16985442
17047942
17110442
17172942
17235442
17297942
17360442
17422942
17485442
17547942
17610442
17672942
17735442
17797942
17860442
17922942
17985442
18047942
18110442
18172942
18235442
18297942
18360442
18422942
18485442
18547942
18610442
18672942
18735442
18797942
18860442
18922942
18985442
19047942
19110442
19172942
19235442
19297942
19360442
19422942
19485442
19547942
19610442
19672942
19735442
19797942
19860442
19922942
19985442
20047942
20110442
20172942
20235442
20297942
20360442
20422942
20485442
20547942
20610442
20672942
20735442
20797942
20860442
20922942
20985442
21047942
21110442
21172942
21235442
21297942
21360442
21422942
21485442
21547942
21610442
21672942
21735442
21797942
21860442
21922942
21985442
22047942
22110442
22172942
22235442
22297942
22360442
22422942
22485442
22547942
22610442
22672942
22735442
22797942
22860442
22922942
22985442
23047942
23110442
23172942
23235442
23297942
23360442
23422942
23485442
23547942
23610442
23672942
23735442
23797942
23860442
23922942
23985442
24047942
24110442
24172942
24235442
24297942
24360442
24422942
24485442
24547942
24610442
24672942
24735442
24797942
24860442
24922942
24985442
